$SPEC_ID:
No sample description was entered.
$SPEC_REM:
DET# 1
DETDESC# DESKTOP-PLQCB8K Easy-MCA-8k SN 16175454
AP# Maestro Version 7.01
$DATE_MEA:
02/22/2024 13:00:37
$MEAS_TIM:
3600 3701
$DATA:
0 8191
       0
       0
       0
       0
       0
       0
       0
       0
       0
       0
       0
       0
       0
       0
       0
       0
       0
       0
       0
       0
       0
       0
       0
       0
       0
       0
       0
       0
       0
       0
       0
       0
       0
       0
       0
       0
       0
       0
       0
       0
       0
       0
       0
       0
       0
       0
       0
       0
       0
       0
       0
       0
       0
       0
       0
       0
       0
       0
       0
       0
       0
       0
       0
       0
       0
       0
       0
       0
       0
       0
       0
       0
       0
       0
       0
       0
       0
       0
       0
       0
       0
       0
       0
       0
       0
       0
       0
       0
       0
       0
       0
       0
       0
       0
       0
       0
       0
       0
       0
       0
       0
       0
       0
       0
       0
       0
       0
       0
       0
       0
       0
       0
       0
       0
       0
       0
       0
       0
       0
       0
       0
       0
       0
       0
       0
       0
       0
       0
       0
       0
       0
       0
       0
       0
       1
       0
       0
       0
       0
       0
       0
       0
       0
       0
       0
       0
       0
       0
       0
       0
       0
       0
       0
       0
       0
       0
       1
       0
       0
       0
       0
       0
       0
       0
       0
       0
       0
       0
       0
       0
       0
       0
       0
       0
       0
       0
       0
       0
       0
       0
       0
       0
       0
       0
       0
       0
       0
       1
       0
       0
       0
       0
       0
       0
       0
       0
       0
       0
       0
       0
       0
       0
       0
       0
       0
       0
       0
       0
      10
      32
      69
      93
     106
     294
    1429
    1790
    1724
    1683
    1914
    1836
    1776
    1774
    1731
    1813
    1814
    1796
    1825
    1797
    1727
    1766
    1792
    1826
    1886
    1859
    1835
    1870
    1954
    1801
    1917
    1914
    1897
    1856
    1961
    1893
    1852
    1906
    1893
    1938
    1944
    1952
    1892
    1914
    1878
    1985
    1966
    1878
    2010
    1902
    1952
    2029
    1939
    2013
    1984
    1926
    1974
    1951
    2013
    1954
    2048
    1981
    2035
    2100
    2064
    2025
    2078
    2118
    2151
    2075
    2031
    2027
    2000
    1860
    1960
    1931
    1834
    1872
    1847
    1851
    1837
    1858
    1844
    1832
    1876
    1807
    1762
    1769
    1896
    1838
    1839
    1755
    1776
    1703
    1803
    1790
    1752
    1780
    1761
    1832
    1812
    1862
    1821
    1772
    1720
    1746
    1795
    1797
    1739
    1685
    1786
    1744
    1709
    1659
    1725
    1756
    1646
    1741
    1665
    1693
    1628
    1651
    1685
    1662
    1648
    1636
    1705
    1606
    1686
    1660
    1691
    1650
    1636
    1645
    1662
    1580
    1625
    1584
    1685
    1573
    1566
    1621
    1553
    1530
    1617
    1539
    1611
    1492
    1602
    1579
    1569
    1483
    1581
    1518
    1556
    1494
    1528
    1499
    1536
    1546
    1502
    1549
    1497
    1562
    1435
    1479
    1469
    1444
    1467
    1493
    1538
    1469
    1434
    1484
    1459
    1464
    1449
    1480
    1465
    1449
    1505
    1485
    1440
    1433
    1452
    1467
    1444
    1432
    1425
    1410
    1367
    1455
    1411
    1428
    1404
    1401
    1349
    1404
    1326
    1384
    1354
    1370
    1446
    1411
    1443
    1383
    1382
    1392
    1348
    1395
    1357
    1375
    1351
    1435
    1376
    1377
    1405
    1315
    1399
    1408
    1425
    1405
    1373
    1323
    1327
    1314
    1346
    1338
    1307
    1348
    1345
    1346
    1387
    1337
    1398
    1323
    1347
    1273
    1321
    1299
    1271
    1304
    1284
    1247
    1310
    1324
    1241
    1272
    1330
    1240
    1229
    1278
    1217
    1219
    1217
    1223
    1227
    1225
    1190
    1263
    1179
    1196
    1208
    1182
    1138
    1234
    1164
    1256
    1085
    1159
    1187
    1211
    1094
    1158
    1134
    1181
    1122
    1130
    1133
    1133
    1137
    1065
    1163
    1123
    1080
    1117
    1067
    1171
    1181
    1073
    1060
    1092
    1035
    1063
    1079
    1070
    1064
    1041
    1064
    1079
    1068
    1063
    1013
    1038
    1029
    1046
     988
    1038
    1038
     960
    1030
    1060
     961
     992
    1019
    1009
     992
     946
     948
     970
    1008
    1019
    1006
     991
     886
    1017
     906
     939
     965
     967
     960
     932
     925
    1041
     974
    1007
     987
     923
     981
     958
     923
     985
     910
     936
     881
     920
     885
     931
     901
     881
     930
     856
     892
     887
     860
     875
     863
     888
     838
     882
     829
     806
     882
     896
     813
     769
     863
     834
     801
     797
     832
     749
     804
     829
     758
     780
     844
     828
     774
     751
     830
     777
     805
     760
     771
     848
     818
     786
     772
     777
     779
     776
     786
     759
     760
     763
     772
     774
     759
     742
     746
     771
     750
     763
     726
     742
     774
     745
     764
     770
     788
     725
     728
     723
     758
     700
     659
     700
     733
     756
     729
     710
     670
     694
     725
     704
     719
     738
     659
     697
     676
     694
     676
     693
     711
     696
     656
     639
     614
     670
     719
     698
     667
     665
     640
     657
     671
     618
     639
     640
     628
     667
     637
     625
     686
     658
     678
     622
     675
     637
     637
     639
     670
     662
     600
     669
     659
     652
     692
     665
     621
     623
     633
     655
     646
     613
     630
     589
     615
     609
     643
     612
     604
     606
     617
     599
     624
     615
     592
     602
     583
     619
     628
     572
     625
     626
     573
     622
     628
     590
     641
     642
     608
     600
     594
     586
     558
     584
     596
     567
     556
     597
     591
     576
     647
     576
     597
     612
     638
     694
     700
     754
     690
     727
     735
     675
     720
     640
     609
     601
     646
     572
     506
     560
     571
     515
     570
     575
     590
     552
     551
     529
     560
     527
     527
     525
     506
     519
     549
     487
     534
     550
     525
     521
     530
     558
     540
     578
     506
     538
     519
     508
     544
     559
     540
     544
     547
     566
     498
     512
     517
     459
     472
     539
     502
     495
     490
     510
     464
     482
     534
     498
     484
     497
     510
     513
     509
     488
     508
     498
     499
     500
     467
     477
     470
     522
     520
     477
     500
     494
     482
     431
     487
     442
     508
     449
     522
     476
     473
     460
     467
     439
     474
     492
     477
     458
     479
     473
     477
     489
     481
     430
     462
     418
     442
     434
     451
     448
     427
     486
     464
     448
     432
     436
     445
     441
     439
     446
     459
     474
     426
     453
     493
     485
     452
     419
     419
     452
     415
     478
     395
     429
     469
     436
     449
     405
     445
     435
     436
     427
     417
     445
     435
     445
     430
     392
     445
     438
     417
     478
     441
     433
     440
     432
     418
     416
     432
     397
     429
     429
     418
     415
     426
     424
     432
     448
     391
     411
     432
     439
     444
     452
     435
     364
     428
     433
     436
     415
     439
     393
     434
     435
     394
     447
     408
     429
     413
     405
     429
     449
     423
     450
     405
     404
     409
     436
     407
     406
     411
     440
     413
     411
     400
     407
     412
     431
     432
     401
     418
     410
     408
     404
     422
     383
     415
     418
     447
     394
     440
     431
     444
     376
     420
     374
     430
     414
     432
     429
     416
     386
     372
     433
     408
     441
     412
     411
     425
     375
     440
     421
     401
     397
     376
     418
     409
     401
     410
     409
     410
     420
     410
     415
     407
     458
     429
     448
     399
     428
     408
     461
     398
     422
     398
     423
     449
     412
     439
     424
     424
     450
     405
     409
     399
     391
     443
     406
     418
     430
     414
     446
     451
     443
     412
     440
     429
     450
     424
     437
     425
     413
     449
     404
     424
     449
     434
     414
     468
     412
     433
     390
     445
     400
     437
     393
     394
     398
     411
     414
     389
     359
     330
     325
     299
     283
     271
     277
     276
     328
     339
     349
     412
     427
     446
     423
     504
     495
     516
     475
     499
     466
     497
     482
     482
     500
     457
     469
     482
     487
     460
     465
     484
     480
     485
     495
     444
     454
     467
     414
     446
     464
     428
     445
     423
     452
     448
     415
     418
     434
     439
     391
     392
     404
     408
     370
     378
     427
     377
     373
     368
     372
     381
     333
     337
     376
     336
     345
     336
     353
     354
     338
     332
     313
     350
     303
     354
     315
     299
     297
     318
     338
     346
     284
     310
     306
     277
     300
     304
     336
     283
     318
     310
     321
     306
     330
     326
     304
     298
     279
     304
     309
     297
     321
     311
     289
     321
     258
     265
     319
     292
     264
     310
     284
     278
     298
     298
     300
     306
     300
     278
     301
     341
     355
     347
     412
     439
     454
     571
     569
     675
     748
     790
     800
     799
     737
     749
     743
     632
     579
     454
     409
     417
     360
     312
     286
     260
     282
     302
     247
     271
     255
     233
     245
     275
     254
     251
     248
     238
     236
     244
     253
     272
     245
     254
     268
     216
     231
     280
     241
     261
     265
     269
     255
     240
     223
     265
     246
     250
     243
     226
     243
     233
     235
     254
     235
     237
     232
     246
     196
     209
     209
     234
     230
     234
     246
     214
     233
     208
     242
     237
     251
     238
     195
     232
     239
     228
     237
     246
     229
     195
     217
     192
     219
     221
     189
     220
     220
     228
     227
     210
     210
     220
     245
     207
     214
     220
     221
     220
     210
     251
     207
     248
     203
     197
     208
     232
     231
     214
     200
     213
     218
     206
     202
     223
     186
     184
     219
     205
     214
     164
     183
     196
     225
     208
     209
     191
     188
     220
     208
     195
     174
     220
     221
     209
     201
     201
     193
     193
     208
     221
     228
     209
     216
     190
     216
     184
     183
     178
     178
     177
     203
     223
     182
     187
     183
     184
     187
     193
     187
     187
     212
     203
     195
     208
     222
     203
     190
     224
     228
     188
     184
     206
     225
     192
     186
     198
     185
     206
     208
     231
     171
     182
     209
     180
     174
     198
     189
     183
     201
     191
     175
     185
     195
     210
     189
     197
     208
     177
     202
     184
     161
     175
     191
     194
     186
     189
     169
     194
     173
     198
     154
     157
     189
     184
     194
     170
     214
     210
     213
     208
     208
     174
     183
     200
     217
     229
     209
     232
     195
     231
     192
     189
     201
     200
     217
     201
     213
     205
     188
     173
     196
     193
     186
     169
     228
     174
     162
     200
     159
     182
     199
     204
     164
     198
     176
     190
     202
     195
     206
     181
     197
     184
     211
     165
     201
     184
     214
     184
     188
     162
     166
     192
     163
     178
     212
     190
     201
     180
     198
     191
     195
     196
     175
     193
     166
     194
     194
     216
     208
     178
     168
     159
     180
     164
     199
     182
     175
     197
     202
     185
     194
     174
     204
     180
     186
     180
     198
     166
     190
     195
     191
     189
     170
     173
     170
     172
     167
     171
     158
     164
     161
     174
     171
     191
     177
     181
     165
     192
     158
     169
     157
     166
     150
     177
     182
     197
     221
     237
     329
     412
     594
     822
    1178
    1631
    2070
    2645
    3130
    3314
    3472
    3369
    2990
    2577
    2004
    1547
    1087
     766
     482
     331
     247
     193
     174
     153
     164
     154
     152
     146
     139
     132
     125
     169
     156
     139
     140
     144
     157
     140
     140
     126
     145
     150
     146
     139
     131
     122
     152
     137
     137
     173
     138
     129
     157
     156
     130
     134
     138
     138
     121
     131
     128
     119
     146
     122
     141
     153
     129
     139
     121
     158
     147
     123
     149
     134
     114
     123
     136
     125
     133
     116
     127
     123
     108
     146
     123
     114
     144
     124
     142
     102
     134
     112
     112
     140
     137
     124
     119
     131
     127
     136
     123
     123
     137
     123
     136
     119
     104
     129
     120
     125
     123
     135
     137
     112
     148
     121
     106
     122
     114
     132
     125
     127
     124
     129
     121
     119
     127
     110
     125
     122
     111
     113
     110
     116
     112
     109
     138
     129
     115
     114
     120
     120
     112
     105
     128
     105
     128
     123
      96
     106
      99
     124
     117
     102
     122
     105
     116
     119
     119
     114
     106
     118
     111
     125
     107
      93
     114
     108
     109
     127
     100
     110
     107
     117
     100
     100
     108
     100
     104
     114
     110
     104
     112
      99
     108
     111
     114
     123
     107
     109
     119
     102
     117
     135
     145
     162
     165
     138
     163
     192
     187
     157
     172
     144
     125
     129
     118
     128
     117
     112
     107
     113
     127
     111
     113
     105
      96
     111
     111
     111
      98
     108
     106
      98
      88
      90
     126
     124
     100
      88
     100
      99
      97
     106
     104
     102
     108
     108
      98
     114
     110
     108
      93
     101
      88
     114
     111
     119
     126
     119
     101
     112
     102
     103
      99
     109
     104
      97
     114
     112
     107
      95
      88
      82
     119
     115
     106
     103
      94
     101
     114
     100
      94
     100
     101
     109
     109
     108
     102
     105
     104
     105
     118
     104
     105
     100
     102
     109
      87
      92
      80
     103
     110
      94
     102
     131
     132
      92
     120
      96
     101
     107
     110
     120
     114
     118
      97
     129
     113
      91
      94
     106
     115
      96
     103
     121
     101
     102
     104
     100
      97
     101
     106
     119
     109
     118
     114
     116
     120
      95
     121
     122
     111
     110
     117
     123
     116
     118
     107
     130
     122
     130
     136
     136
     129
     113
     110
      99
     110
      85
     107
     110
      90
     109
     105
      91
     102
      98
      95
     103
      89
     102
     103
      98
     101
      98
     103
     100
     106
      91
     111
     101
     100
      99
     102
     101
     105
      89
     107
     129
      94
     100
      97
     119
     121
     128
     130
     130
     144
     186
     185
     201
     232
     215
     222
     205
     191
     181
     153
     129
     136
     131
     108
      94
     105
      93
     131
     117
     155
     165
     224
     296
     455
     518
     679
     811
     914
     980
     864
     849
     804
     619
     503
     362
     310
     225
     162
     147
     116
      79
      82
      89
     107
      99
     108
      92
     102
      93
      83
     100
      98
      96
     102
      91
     124
      90
     118
      83
      92
      78
     103
      97
     101
     100
      98
      75
      93
      81
      97
     109
      89
      83
      83
      88
      84
      94
      84
      90
      96
      82
     100
      89
      92
     117
      92
      87
      79
      98
     103
      90
      86
     101
      86
      99
      88
      88
      93
     115
      74
      86
      77
      80
      75
      81
      93
      92
     105
      81
      85
     104
     101
      85
      95
      88
      77
     100
     115
      93
     102
     115
      90
     106
     107
      87
      94
      95
      97
      95
      99
      88
      89
      81
      84
     100
      92
      76
      93
      82
      91
     107
     107
      92
      90
      92
      94
     110
     100
      82
     106
      94
      82
      89
      77
      96
      93
     110
     104
      95
     117
     105
     102
      99
     103
      95
      91
      88
      88
      83
      90
      84
      87
      99
      92
      80
      82
      90
      94
      91
      82
      79
      70
     100
      73
      88
      88
      93
      91
      87
      74
      89
     101
      94
      70
      91
      76
      92
      83
      95
      89
     108
     116
     111
      97
     132
     124
     139
     140
     165
     176
     167
     169
     142
     149
     168
     138
     128
     106
      98
      87
      96
      86
     104
      93
      94
     115
      82
      88
      78
      97
      92
      84
      84
     105
      89
     103
      76
      92
      89
     101
      90
      94
      92
      82
     107
      96
      96
      76
      91
      86
      99
     108
     102
      93
      96
      92
     104
     103
      80
      80
     103
      96
      79
      94
      86
      84
      89
      97
      99
      95
      75
      96
      83
      97
      77
      83
      87
      91
      88
      78
     105
      76
      98
      96
      87
      94
      92
     100
      86
      80
      81
      94
      90
      90
      79
      78
     105
     101
      97
      97
     104
      97
      96
      90
     115
     102
      93
     112
     112
     105
      79
     105
     101
      90
      98
     102
      92
      76
      76
      84
      73
     111
      77
      97
      65
      82
      77
      72
      87
      86
      80
      77
      75
      91
      93
      68
      91
      80
      90
      76
      79
      91
      75
      99
      84
      78
      90
      83
      68
      69
      83
      86
      77
      70
      85
      83
      96
      78
      89
      86
      84
      71
      76
      83
      91
     102
      89
      90
     103
      87
      90
      79
      95
      92
      76
      90
      80
      78
      78
      80
      72
      69
      74
      82
      65
      60
      77
      67
      77
      75
      72
      85
      86
      77
      76
      91
      77
      63
      77
      64
      70
      62
      65
      82
      62
      62
      71
      66
      58
      75
      65
      65
      67
      72
      72
      77
      88
      90
     107
      95
     144
     146
     144
     155
     174
     157
     160
     159
     112
      98
     113
      90
      76
      67
      75
      55
      69
      78
      63
      61
      57
      53
      56
      77
      59
      86
      63
      64
      56
      56
      51
      68
      66
      60
      55
      76
      64
      80
      59
      59
      68
      44
      54
      65
      63
      40
      55
      72
      75
      60
      58
      57
      54
      50
      57
      49
      58
      72
      54
      65
      61
      68
      50
      61
      66
      47
      59
      56
      50
      72
      73
      58
      73
      58
      75
      59
      64
      50
      51
      45
      45
      70
      58
      55
      50
      52
      57
      64
      55
      67
      54
      57
      53
      72
      46
      53
      55
      56
      63
      51
      61
      69
      62
      63
      54
      53
      61
      52
      51
      64
      50
      47
      51
      58
      55
      68
      64
      70
      46
      48
      59
      62
      58
      45
      54
      71
      62
      50
      56
      59
      54
      46
      58
      45
      53
      76
      47
      54
      55
      53
      47
      57
      55
      51
      52
      53
      58
      59
      47
      52
      53
      62
      61
      45
      47
      53
      48
      57
      48
      46
      58
      48
      62
      65
      60
      68
      67
      67
      62
      55
      63
      61
      61
      70
      57
      52
      57
      67
      49
      51
      49
      46
      44
      44
      39
      61
      46
      50
      40
      37
      50
      45
      32
      36
      45
      44
      43
      47
      43
      41
      51
      49
      45
      46
      40
      39
      42
      43
      47
      50
      46
      31
      34
      46
      47
      39
      33
      46
      33
      41
      30
      40
      49
      44
      31
      41
      40
      45
      34
      33
      27
      41
      46
      36
      33
      41
      48
      39
      41
      40
      27
      35
      21
      42
      48
      41
      35
      37
      27
      35
      35
      38
      41
      40
      43
      39
      38
      32
      29
      25
      25
      30
      51
      27
      40
      36
      41
      40
      35
      34
      33
      35
      26
      39
      38
      46
      33
      32
      39
      36
      35
      36
      43
      53
      43
      48
      70
      85
     111
     145
     194
     256
     265
     334
     289
     323
     300
     276
     226
     188
     122
     105
      73
      72
      50
      46
      31
      37
      40
      40
      28
      31
      39
      40
      37
      47
      39
      31
      42
      32
      40
      29
      42
      28
      34
      41
      29
      32
      34
      38
      35
      25
      34
      28
      29
      33
      32
      32
      21
      30
      41
      27
      30
      28
      33
      32
      29
      26
      32
      27
      27
      31
      26
      31
      35
      25
      32
      30
      44
      37
      25
      35
      27
      37
      29
      26
      32
      38
      22
      36
      26
      30
      24
      29
      31
      26
      33
      35
      30
      23
      27
      30
      37
      24
      28
      29
      30
      31
      36
      29
      22
      32
      32
      32
      19
      30
      25
      19
      30
      21
      23
      29
      30
      34
      21
      27
      25
      35
      32
      23
      23
      23
      26
      18
      32
      24
      26
      26
      21
      40
      20
      30
      27
      24
      25
      36
      33
      47
      42
      68
      75
     106
     153
     214
     244
     296
     374
     402
     442
     426
     379
     358
     319
     219
     170
     122
      76
      48
      39
      34
      20
      29
      22
      21
      28
      33
      26
      26
      31
      20
      23
      25
      20
      25
      20
      29
      21
      20
      28
      28
      18
      34
      24
      25
      15
      12
      21
      28
      24
      24
      26
      26
      17
      35
      29
      26
      16
      19
      28
      25
      23
      25
      26
      19
      19
      24
      30
      18
      21
      23
      23
      14
      21
      17
      20
      21
      10
      18
      15
      15
      24
      25
      24
      33
      32
      29
      21
      21
      15
      33
      21
      29
      25
      19
      22
      15
      27
      17
      27
      18
      26
      28
      18
      16
      20
      19
      22
      19
      17
       7
      16
      23
      15
      27
      14
      20
      15
      24
      23
      11
      12
      10
      15
      20
      25
      15
      15
      23
      16
      20
      18
      26
      13
      20
      17
      13
      16
      18
      23
      21
      16
      19
      15
      19
      21
      15
      18
      17
      13
       6
      17
      20
      18
      17
      17
      18
      14
      17
      13
      21
      17
      11
      15
      11
      19
      15
      29
      22
      25
      24
      38
      26
      36
      26
      31
      33
      26
      36
      26
      15
      25
      21
      10
      20
      21
      21
      23
      20
      20
      18
      17
      17
      29
      15
      17
      20
      13
      14
      15
      21
      23
      17
      17
      21
      20
      13
      14
      12
      30
      28
      40
      44
      60
      80
     112
     162
     216
     197
     252
     290
     261
     262
     226
     197
     190
     115
      90
      45
      43
      26
      30
      16
      18
      15
      11
      17
      16
      16
      17
      19
       9
      10
      12
      19
      23
      14
      15
      16
      24
      14
      14
      20
      18
      14
      10
      21
      16
      17
      15
      15
      22
      11
      21
      18
      15
      23
      14
      11
      10
      21
      22
      15
      16
      16
      18
      16
      20
      25
      29
      32
      37
      26
      32
      39
      29
      42
      36
      34
      28
      20
      18
      20
      20
      16
      13
      10
      17
      18
      14
      20
      15
      11
      13
      10
      17
       9
      10
       6
      14
      18
       9
      12
      18
      18
      15
      20
      10
      15
       7
      25
      17
      18
      19
      13
      18
      14
      18
      22
      18
      17
      14
      15
      19
      14
      10
      13
      13
      15
       9
      17
      17
      17
      17
      12
      14
      16
      11
      11
      14
      12
      12
      10
      13
      12
      15
      14
       6
       9
      19
      16
      16
      22
       9
      16
       8
       8
       7
      12
      10
      18
      13
      10
      16
      16
       4
      12
      11
       7
       9
      16
      11
      17
      12
      11
       6
      11
      11
      10
      11
      13
      11
       7
      18
      13
      11
      11
      20
      14
      11
       9
      18
      10
      10
      13
      12
      10
       9
      10
      14
      17
      12
      13
      10
      20
      16
      12
      12
      15
       9
      11
      13
       7
       7
      17
       7
      10
       8
      10
      14
       8
      14
      10
      17
      16
      19
      11
      13
      15
      10
      10
      11
       8
      16
      16
      12
      13
      10
      13
      26
      25
      29
      36
      35
      48
      63
      71
      70
      61
      61
      60
      60
      40
      37
      42
      12
      18
      21
      12
      21
      11
      13
       9
      12
      18
       9
      16
      10
      14
      16
      11
      15
      15
       8
      15
      15
       8
      11
      15
      11
      10
       7
      10
      13
       7
      10
      12
      13
       6
      15
      12
      12
      11
       9
       9
      13
      13
      16
       9
      13
      20
      16
      10
      15
      23
      29
      51
      50
      56
      58
      71
      85
      64
      60
      46
      51
      58
      39
      38
      29
      15
      20
      23
      13
      11
       6
      13
       5
      11
      14
      12
       5
      15
       8
      10
      15
      12
      10
      14
      13
      13
      16
      15
      12
      10
      10
       9
      14
      19
      13
      12
      15
      11
      13
       9
       8
       6
      11
      16
      12
       9
      12
      15
      12
      10
       9
      14
      13
      11
       8
      17
      14
      13
       6
      20
      14
      14
      13
      13
      15
      17
       8
      12
      17
      17
      13
      12
      14
      10
      12
      20
      10
      14
      10
      14
      14
      13
      14
      16
      10
      15
      10
      12
      15
       9
      13
      14
      21
       6
      10
      15
       4
      16
      10
      12
      11
      18
       9
      13
      18
      12
      14
      10
      18
      12
       8
      12
      13
      11
      18
       6
      16
      18
      16
      12
      16
       9
      12
      16
      13
      18
      19
      16
      11
       8
      10
      13
      18
      11
      11
      11
       9
      11
      12
      15
      10
       9
      17
      10
      10
      12
      14
      21
      19
      14
      15
      25
      12
      17
      11
      12
      16
       9
      16
      16
      15
      15
      13
      15
      12
       9
      14
      15
       9
      13
      14
      18
      12
      10
      10
      16
      15
       9
      14
      10
      12
      11
       5
      14
      14
       6
      20
      11
      11
       7
      15
       3
      15
      18
      11
      15
      17
       8
      12
      15
      11
      10
      18
      12
      15
       6
       9
       9
      11
      14
      11
      12
      10
       7
       9
      11
      10
       9
      11
      16
      17
      13
      10
      12
       9
       9
       8
      12
       9
      16
      11
      14
      16
       5
      10
       9
      14
      10
      11
      13
      13
      12
      11
       7
       8
      10
       5
       8
       9
      15
       8
       7
      10
       5
       9
       9
      14
       8
       6
      11
       6
       9
      12
       9
      14
      15
      13
      17
      31
      31
      19
      17
      32
      31
      28
      21
      21
      21
      18
      20
      22
      13
      16
      10
      11
       7
      13
      12
       7
       9
      13
       6
      16
      16
       9
       7
      17
       9
       7
      13
      10
      11
      14
      14
      11
      11
      13
      11
       8
      14
      10
      13
      18
      19
      13
      18
      15
       8
      11
       7
       8
       3
       8
       9
       8
      11
       9
      12
      12
      10
      14
      10
       5
      11
      10
      14
       6
       9
       9
       7
      12
      12
      10
      17
      10
      11
      11
       8
       8
      11
       7
      12
       6
       8
       7
       9
      10
      10
       6
       7
      13
       8
       6
       7
       3
       7
       5
       8
      10
      13
       7
       6
      13
      15
       6
       9
       9
      16
      11
      10
       7
      13
       9
       8
      10
      10
       7
       7
      11
      11
       4
       7
       8
       7
       6
       7
       9
      14
       6
      10
       9
       8
       6
      10
       4
      11
      10
      11
       5
       8
       8
      11
      17
      14
       6
      12
      10
       7
       5
       9
       7
       3
      11
      11
      13
      15
       7
       6
       6
       9
      14
       8
       7
      10
       6
       7
       7
      11
       7
       8
       9
      13
       8
       9
       3
       6
       6
       7
       9
      12
       5
      10
       9
      10
      10
       7
      12
       3
       8
      15
      10
       7
       8
       6
       6
       7
       9
       4
       5
       4
       8
      12
      15
       6
       9
       6
       4
       9
       7
       5
      10
       7
       7
       6
       9
      11
       6
       6
       3
       8
       9
       1
       8
       5
       8
       8
       6
       5
      13
      10
       9
       9
       2
       7
       8
       7
       7
       3
       6
      13
       7
      10
       6
       5
       8
      12
      10
       9
      10
      10
      10
      11
      12
      14
      17
       7
      14
       4
       5
       7
       1
       6
       4
       7
       5
       3
       4
      13
       7
       5
      11
       7
       7
       9
       8
       4
       7
      11
       4
      10
       4
       3
      16
       5
      11
       6
       8
      10
      13
       4
       1
       7
      11
       6
       4
      10
       9
       4
       5
      10
       5
       7
       5
      10
      13
       3
      10
       9
      12
       7
      10
       5
       9
       5
      10
       8
       3
       7
       7
       8
       9
       6
       5
      11
      11
       7
       9
       8
       6
       9
      10
       6
       4
       5
      13
       4
       8
       9
       9
      16
       7
       5
      12
      10
       4
      12
       8
       8
       6
       6
       6
       4
       9
       6
       9
      10
      10
      10
      11
       9
       7
      11
       8
       5
       6
       8
       3
      10
       5
       7
       5
       7
      10
      11
       7
       7
       6
      10
      14
       9
       7
      10
       6
      10
       7
       5
       7
       6
       7
       9
       7
       8
       4
       8
       9
       8
       6
       5
       5
       7
       5
       8
       3
       7
      11
       9
       5
       5
       7
       5
       9
      15
      12
       6
       6
       8
       3
      13
       4
       4
       9
       7
       7
      10
       8
      11
       8
       5
       5
      10
       5
       9
       7
       5
       5
       6
       6
       5
       8
       9
      11
       3
       3
       7
      10
       3
       8
      15
      12
       8
      12
      10
       6
      12
      15
      10
      14
      18
       8
      22
      10
      19
      12
       9
      13
      21
      25
      31
      27
      41
      49
      65
      55
      55
      77
      75
      69
      61
      49
      48
      45
      24
      17
      17
      11
      12
       8
      12
       4
      11
      14
      10
      10
       6
       8
       8
       5
       7
       9
      14
       6
       6
      11
       8
       6
       8
      11
      10
      14
       6
       9
       9
       8
       7
      14
       8
      10
      10
      12
       8
      11
       9
       5
       6
       6
       5
       5
       3
       5
       7
       7
       6
      10
      12
       6
       5
       6
       8
       9
       9
       7
       5
      10
      14
       8
      11
      12
       9
       1
      10
       4
       5
       7
       5
       8
      14
       9
       8
       4
       6
      12
      12
      17
       4
       9
      10
      20
      13
       9
       9
       8
      15
       9
      12
      13
       7
       5
      13
       5
       9
      10
       6
       2
       3
       5
       6
       9
       6
       7
       8
       7
      11
       9
      10
       6
       3
       6
       5
       3
       6
       8
       8
       1
       6
       7
       1
      10
       6
       6
       3
       6
       6
       4
       5
       6
       5
       8
      11
       5
       8
      10
       1
       7
       6
       2
       4
       1
       6
       7
       7
       6
       7
       2
      10
       7
       5
      10
       7
       5
      10
       3
       4
      10
       7
       5
       3
       6
      10
       6
       6
       8
       5
      11
       8
       4
       2
       4
       2
       7
       5
      10
      11
       3
       5
       5
       3
       7
       3
       7
       6
       4
       2
       5
       2
       8
       6
       6
       7
      10
       5
       4
       5
       6
       9
       5
       8
       4
       5
       5
       6
       9
       5
       8
       6
       6
       9
       6
       6
       6
       6
       4
       5
       6
       7
       8
       7
       5
       9
       8
       5
       8
       2
       6
       2
      10
       4
       1
       7
       4
       9
       1
       8
       8
       8
       9
       9
       8
       3
       6
       6
       2
       4
       7
       7
       7
       8
       4
       6
       6
       2
       5
      10
       6
       9
       6
       6
       4
       8
       5
       8
       7
      11
       2
       7
       7
       1
      10
       8
       7
       8
       3
       6
       5
      10
       9
       5
       5
       5
       6
       2
       7
       9
       4
       8
       3
       8
       7
       4
       7
       8
       9
       8
       6
       2
       9
       5
       3
       6
       8
       3
       4
       5
       6
       8
       4
       5
       4
       4
       7
       3
       5
       6
       3
       6
       6
       7
      12
       9
       6
      10
       9
       9
       3
       6
       6
       7
       5
      12
       3
       6
       4
       7
       5
       3
       6
       2
       6
       6
       2
       9
       4
       9
       4
       4
       6
       5
       5
       7
       3
       3
       4
       6
       6
       9
       6
       8
       6
       6
       5
       4
       5
       6
       4
       5
       6
       7
       3
       2
       2
       4
       7
       5
       7
       4
       5
       5
       7
       3
       3
       6
      11
       1
       4
      10
       7
       3
       6
       6
       3
       4
       7
       3
       1
       6
       1
       5
       4
       2
      11
       1
       2
       4
       1
       6
       8
       8
       4
      10
       9
       5
       2
      11
       6
       8
       4
       5
       7
       3
       5
       5
       6
       5
       5
       5
       4
       5
       5
       4
       5
       9
       6
       4
       5
       3
      10
       2
       6
       4
       7
       3
       6
       6
       7
       8
      10
       9
       5
       5
       7
       6
       6
       3
       3
       8
      10
       6
       4
       3
       0
       3
       4
       5
       7
       3
       2
       6
       4
       2
       5
       3
       9
       2
       7
       6
       3
       4
       6
       4
       7
       5
       6
       8
       8
       6
       5
       3
       9
       8
       6
       3
       5
       2
       3
       3
       4
       7
       4
       5
       3
       6
       4
       7
       5
       4
      10
       2
       6
       8
       3
       6
       2
       5
       5
       2
       8
       3
       6
       0
       9
       7
       3
       1
       4
       3
       5
       4
       3
       6
       9
       7
       7
       8
       2
       4
       3
       3
       9
       5
       2
       3
       7
       3
       3
       7
       6
       2
       3
       4
       2
       4
       2
       0
       5
       1
       1
       4
       6
       8
       3
       6
       8
       5
       4
       5
       7
       6
       9
      16
      16
      17
      10
       9
      19
      14
      19
      24
      17
      10
       8
       3
       5
       3
       7
       5
       7
       4
       6
       5
       6
       8
       5
       4
       2
       6
       3
       2
       6
       4
       7
       3
       5
       4
       2
       2
       4
       5
       6
      11
       9
       7
      13
      17
      24
      21
      29
      31
      34
      36
      41
      35
      30
      33
      20
      14
      16
      10
       8
       9
       3
       5
       7
       6
       4
       6
       9
       3
       3
       4
       6
       6
       3
       3
       4
       7
       5
      10
       5
       5
       7
       5
       5
       5
       8
       5
       9
       6
       6
       4
       9
       6
       3
       6
       4
       8
       7
       6
       6
       5
       3
       2
       4
       5
       4
       7
       8
       5
       6
       4
       5
       4
       8
       3
       7
       4
       3
       6
       5
       5
       5
       4
       6
       7
       3
       9
       8
       8
       7
       7
       7
       7
       4
       6
       4
       6
       3
      10
       4
       2
       6
       7
       5
       2
       6
       6
       1
       3
       8
      11
      12
      11
      15
      16
      17
      23
      16
      18
      12
      10
      17
      10
      14
       9
       3
      10
       7
       4
       7
       4
       8
       5
       4
       7
       3
       8
       9
       9
       2
       6
       9
       7
       6
      14
      11
       7
       4
       7
       6
       2
      13
       9
      10
      11
       6
       9
       5
       8
      12
       5
      13
       9
       9
       8
       7
       9
       2
       7
       3
       8
       2
       7
       4
       9
      10
       8
       3
       5
       8
      10
       5
      11
       7
      10
       4
       8
       8
       8
       6
       6
       7
       3
      11
       7
      13
       7
      10
       7
       5
       8
       2
       6
       5
       7
       6
       7
       6
       6
       8
       7
       2
       6
       7
       9
       6
      10
      10
       6
       8
       4
       8
       6
      13
       7
       5
       4
       8
       6
       6
       8
       5
       9
       7
       6
       8
       6
      10
      13
       5
       3
       5
       9
       6
       6
       2
      10
       7
       2
      12
       3
      12
       9
       4
       9
       8
       9
       9
      10
      11
       7
       3
       7
      16
      14
      12
      11
      16
      12
       6
      10
      10
       4
       8
       8
       8
       7
       9
       6
       7
       8
       5
      11
       9
       5
       3
       6
       5
       8
       7
      12
      12
       9
      10
       1
      12
       6
       9
       2
       8
       5
      11
       7
      12
      12
       6
       8
      10
      13
       9
       7
      10
      14
       7
       8
      15
      11
       7
       6
       5
      11
       5
       9
       9
       5
       8
       6
       8
       7
       8
       7
       5
       8
       9
      14
      14
      11
      12
      19
      28
      36
      29
      27
      22
      19
      20
      12
       7
       7
      10
      12
       7
       7
      11
       6
      16
      12
      15
      13
       6
       6
      12
      15
      15
      11
      10
      16
      19
      16
      14
      15
       7
      17
      11
       9
       9
       8
      17
       8
      13
       8
       8
       6
       9
       9
       7
       8
       5
       5
      19
       8
       7
       9
      15
       8
       9
       9
      14
       7
       7
      14
       9
      16
      16
      11
       9
       8
       9
      11
       7
       9
       7
      12
      13
      11
      14
       3
      12
      13
      16
      14
       8
      14
       7
      15
      13
       7
       9
       9
      11
      10
      10
       5
      11
       9
      11
      14
       7
      12
       9
      13
      12
      15
       7
      10
      13
      10
      10
      11
       8
      10
      13
      13
      13
      13
       9
       7
       5
       8
      10
      11
      14
      10
      15
      10
      12
      16
      14
      13
       9
      17
       8
      11
      13
       7
      12
      12
      11
      17
      11
      11
      12
       7
      16
      10
      26
      11
      14
      11
      11
       9
      13
      17
       9
      16
      10
      18
       9
       6
      14
      10
      15
      13
       9
      13
      16
      20
      14
      10
      18
      10
      12
      14
      12
      11
      16
      12
       6
      10
       8
       5
      12
      13
      15
       8
      12
      15
      10
      11
      11
      14
      13
       8
       8
       8
       8
       5
       8
       7
       9
       6
      17
       4
       9
      10
      11
       6
      10
      13
       9
       7
      11
       9
       6
       5
       8
       3
      11
       2
      10
       6
       9
      11
       8
       9
       8
       9
       6
       6
       9
      13
       8
       8
       7
       7
       9
       5
       9
       2
       5
       2
       9
       9
       8
       9
       7
      12
       7
      10
      15
       7
       6
       9
       6
       9
      13
      11
       7
      11
       5
      10
       5
      13
      10
       9
       8
       6
      11
      18
       7
       4
       6
       7
      15
       9
       5
       9
       4
       4
      13
       6
      11
       7
       8
       4
      10
       5
       9
      11
       5
      10
       7
       4
      11
       5
       7
      10
      11
       3
       9
       4
       9
       7
       7
       3
       8
       1
       6
       5
       8
       3
       4
       5
       5
       6
       5
      10
       4
       7
       8
       6
       2
      10
       6
       9
       6
       5
      10
       4
       6
       9
       6
       5
       5
       5
       6
       6
       3
       3
       5
       4
       9
       3
       6
      12
       4
       3
       5
       6
       3
       8
       5
       7
      10
       8
       6
       7
       7
       5
       5
       4
       2
       5
       6
       1
       4
       9
       2
       6
       4
       9
       7
       5
       8
       2
      11
       8
       4
       4
       4
       3
       3
       5
       5
       5
       6
       8
       5
       4
       3
       9
      10
       5
       7
       5
       3
       7
       5
       2
       3
       6
       7
       5
       5
       6
       6
       8
       3
       3
       5
       7
       3
       5
       2
       4
       7
       4
       3
       5
       4
       7
       6
       9
       4
       6
       4
       4
       4
      10
       8
       5
       4
       1
       3
       4
       5
       8
       6
       2
       6
       3
       8
       3
       6
       4
       3
       4
       6
       3
       4
       6
       3
       4
       4
       2
       3
       2
       4
       9
       8
      17
      32
      67
     107
     106
      99
      92
      65
      46
      20
      10
       9
       4
       6
       6
       6
       3
      11
       9
      15
      19
      32
      15
      23
      29
      22
      10
       6
       4
       3
       4
       7
       5
       5
       4
       6
       4
       4
       5
       2
       3
       5
       2
       4
       5
       2
       4
       3
       7
       6
       5
       2
       5
       5
       4
       4
       3
       1
       5
       6
       5
       3
       7
       5
       6
       6
       2
       2
       6
       2
       4
       2
       4
       6
       3
       4
       2
       7
       4
       5
       3
       4
       5
       6
       9
       5
       2
       3
       5
       5
       5
       2
       6
       6
       4
       1
       3
       5
       6
       7
       4
       3
       2
       4
      11
      10
       4
       4
       3
       5
       5
       6
       4
       4
       3
       4
       9
       5
       8
       3
       2
       2
       2
       3
       9
       1
       7
       5
       7
       5
       6
       7
       5
       5
       3
       7
       3
       4
       2
       2
       4
       4
       3
       4
       7
       7
       4
       7
       6
       4
       7
       5
       4
       5
       8
      13
      13
      16
      13
       9
      20
      10
      15
       4
       3
       5
       6
       3
       7
       7
       6
       6
       5
       5
       9
       8
       9
       7
       2
       8
      10
      11
       5
       7
       6
       4
       6
       2
       4
       5
       5
       2
       8
       5
       6
       3
       4
       5
       1
       3
       5
       6
       6
       2
       5
       4
       2
       6
       6
       3
       5
       8
       2
       9
       2
       0
      10
       7
       5
       2
       5
       5
       8
       2
       4
       4
       5
       7
       8
       9
       4
       7
       6
       5
       3
       4
       3
       9
       4
       4
       5
       5
       6
       6
       2
       5
       7
       6
       7
       8
       3
       1
       2
       5
       3
       4
       0
       8
       5
       1
       5
       7
       7
       5
       6
       4
       8
       5
       9
       6
       3
       4
       4
       6
       2
       6
       1
       3
       6
       9
       5
       6
       5
       4
       4
       2
       2
       2
       9
       1
       1
       5
       2
       5
      12
       2
       8
       6
       5
       6
       8
       4
       4
       4
       9
       3
       7
       5
       2
       4
       6
       5
       5
       2
       3
       5
       6
       4
       4
       9
       4
       7
       4
       6
       4
       9
       4
       3
       5
       4
       6
       4
       5
       4
       8
       5
       4
       4
       7
       7
       7
       8
       7
       4
       7
       9
       7
       6
       6
       1
       8
       6
       6
       8
       6
       6
       4
       7
       6
       4
       8
       2
      10
       6
       6
       6
      10
       5
       6
       2
       4
       5
       3
       6
       2
       3
       3
       6
       3
       3
       5
       8
       9
       6
       6
       5
       6
      10
       6
       7
       8
       5
       8
       3
       8
       5
       4
       8
       7
       5
       7
      10
       8
       5
       9
      11
       5
       5
      11
       5
      10
      11
       8
       6
      10
      19
      12
      13
       7
       7
       2
       8
       6
       5
       4
       3
       7
       4
       4
       6
       7
       2
       8
       7
       4
       5
       6
       4
       8
       7
       4
       4
       2
       5
       3
       6
       3
       3
       1
       7
       4
       4
       2
       4
      10
       2
       3
       4
       4
       4
       2
       1
       3
       4
       3
       2
       7
       4
       2
       6
       1
       3
       4
       2
       3
       2
       2
       5
       5
       4
       4
       1
       4
       5
       2
       3
       1
       4
       3
       8
       5
       2
       2
       0
       3
       3
       3
       2
       3
       3
       2
       5
       5
       3
       3
       3
       2
       3
       5
       4
       2
       3
       0
       4
       1
       4
       4
       4
       2
       2
       1
       1
       4
       7
       1
       1
       3
       1
       5
       2
       4
       0
       1
       1
       1
       0
       1
       1
       3
       2
       0
       1
       1
       1
       0
       2
       1
       1
       0
       1
       1
       2
       1
       2
       0
       2
       2
       0
       0
       1
       1
       4
       1
       0
       1
       0
       0
       0
       0
       1
       2
       3
       0
       3
       1
       0
       2
       0
       1
       1
       3
       6
      11
      16
      13
      16
      11
       8
       5
       2
       1
       1
       2
       1
       0
       1
       0
       0
       0
       0
       1
       1
       0
       1
       1
       1
       2
       1
       0
       1
       2
       0
       1
       2
       1
       0
       0
       1
       2
       0
       0
       0
       2
       6
      13
      27
      36
      33
      38
      46
      20
       9
       5
       2
       2
       1
       0
       3
       1
       0
       2
       5
      11
       8
       9
      14
      13
      10
       0
       1
       0
       0
       0
       1
       0
       0
       0
       1
       2
       1
       0
       1
       0
       0
       0
       0
       3
       1
       1
       2
       1
       1
       0
       0
       1
       2
       0
       1
       2
       0
       0
       0
       1
       0
       0
       0
       0
       0
       1
       1
       0
       1
       1
       0
       0
       1
       1
       1
       0
       1
       1
       0
       2
       0
       0
       0
       0
       0
       0
       0
       0
       0
       0
       0
       1
       0
       0
       0
       1
       0
       0
       0
       0
       1
       0
       0
       0
       0
       1
       0
       0
       0
       0
       0
       0
       0
       0
       1
       0
       0
       0
       0
       0
       0
       1
       0
       0
       0
       1
       0
       1
       0
       0
       0
       0
       0
       0
       0
       0
       0
       0
       0
       0
       0
       0
       0
       0
       1
       0
       0
       0
       0
       0
       0
       1
       1
       3
       0
       2
       2
       0
       2
       2
       4
       1
       1
       4
       2
       1
       0
       0
       0
       0
       0
       0
       1
       1
       0
       0
       0
       0
       0
       0
       1
       0
       0
       0
       0
       0
       1
       0
       0
       0
       0
       0
       0
       0
       0
       0
       0
       1
       0
       0
       0
       0
       0
       0
       0
       0
       0
       0
       0
       0
       1
       0
       0
       0
       2
       0
       0
       0
       0
       0
       0
       0
       0
       0
       0
       0
       0
       0
       0
       0
       0
       0
       0
       0
       0
       2
       1
       2
       2
       3
       0
       0
       0
       0
       1
       0
       0
       0
       0
       0
       1
       1
       0
       0
       0
       0
       0
       0
       0
       0
       0
       0
       0
       0
       0
       0
       0
       0
       0
       0
       0
       0
       0
       0
       0
       0
       1
       0
       0
       0
       0
       0
       0
       0
       0
       1
       0
       1
       0
       0
       0
       0
       0
       0
       0
       0
       1
       0
       0
       1
       0
       0
       0
       0
       0
       0
       0
       0
       0
       1
       0
       0
       0
       0
       0
       0
       0
       0
       0
       1
       1
       0
       0
       0
       0
       0
       0
       0
       0
       0
       0
       0
       1
       0
       0
       1
       0
       0
       0
       0
       0
       0
       0
       0
       0
       0
       0
       0
       0
       0
       0
       0
       0
       0
       0
       0
       0
       0
       0
       0
       0
       1
       0
       0
       0
       0
       0
       0
       1
       0
       0
       0
       0
       0
       0
       0
       0
       0
       0
       0
       0
       0
       0
       0
       0
       0
       0
       0
       0
       1
       0
       0
       0
       0
       0
       0
       0
       0
       0
       0
       0
       0
       0
       0
       0
       0
       0
       1
       0
       0
       0
       0
       0
       0
       0
       0
       0
       0
       0
       1
       0
       0
       0
       0
       1
       0
       0
       0
       0
       0
       0
       0
       0
       0
       0
       0
       0
       0
       0
       0
       0
       0
       0
       0
       0
       0
       0
       0
       0
       0
       0
       0
       0
       0
       1
       0
       0
       1
       0
       0
       0
       0
       0
       1
       0
       0
       0
       0
       0
       0
       1
       0
       0
       0
       0
       0
       0
       0
       0
       0
       0
       0
       0
       0
       1
       0
       0
       0
       0
       0
       0
       0
       0
       0
       0
       0
       0
       0
       0
       0
       0
       0
       0
       0
       1
       0
       0
       0
       0
       0
       0
       0
       0
       0
       0
       0
       0
       0
       0
       0
       0
       0
       0
       0
       0
       0
       0
       0
       0
       0
       0
       0
       0
       0
       0
       0
       0
       0
       0
       0
       0
       0
       0
       0
       0
       0
       0
       0
       0
       0
       0
       0
       0
       0
       0
       0
       0
       0
       0
       0
       0
       0
       0
       0
       0
       0
       0
       0
       0
       0
       0
       0
       0
       1
       0
       0
       0
       0
       0
       0
       0
       0
       0
       0
       0
       0
       0
       0
       1
       0
       0
       0
       0
       0
       0
       0
       0
       0
       0
       0
       0
       0
       0
       0
       0
       0
       0
       0
       0
       0
       0
       0
       0
       0
       0
       0
       0
       0
       0
       0
       0
       0
       0
       0
       0
       2
       0
       1
       0
       0
       1
       1
       0
       1
       0
       0
       0
       0
       0
       0
       0
       0
       0
       0
       0
       0
       0
       0
       0
       0
       0
       0
       0
       0
       2
       0
       0
       1
       1
       0
       0
       0
       0
       0
       0
       0
       0
       1
       0
       0
       0
       0
       1
       0
       1
       0
       0
       0
       0
       0
       0
       0
       0
       0
       0
       0
       0
       0
       0
       0
       0
       0
       0
       0
       0
       0
       0
       0
       0
       0
       0
       0
       0
       0
       0
       0
       0
       0
       0
       0
       0
       0
       0
       0
       0
       0
       2
       0
       0
       0
       0
       0
       1
       0
       0
       0
       0
       0
       0
       0
       0
       0
       0
       0
       0
       0
       0
       0
       0
       0
       0
       0
       0
       0
       0
       0
       0
       0
       0
       0
       0
       0
       0
       1
       0
       0
       0
       0
       0
       0
       0
       0
       0
       0
       0
       0
       0
       0
       0
       0
       0
       0
       0
       0
       0
       0
       0
       0
       0
       0
       0
       0
       0
       0
       0
       0
       0
       0
       0
       0
       0
       0
       0
       0
       0
       0
       0
       0
       0
       0
       0
       0
       0
       0
       0
       0
       0
       0
       0
       0
       0
       0
       0
       0
       0
       0
       0
       0
       0
       0
       0
       0
       0
       0
       0
       0
       0
       0
       0
       0
       0
       0
       0
       0
       0
       0
       0
       0
       0
       1
       0
       0
       0
       0
       0
       0
       0
       0
       0
       0
       0
       0
       0
       1
       0
       0
       0
       0
       0
       0
       0
       0
       0
       0
       0
       0
       1
       0
       0
       0
       0
       1
       0
       0
       0
       0
       0
       0
       0
       0
       0
       0
       0
       0
       0
       0
       0
       0
       0
       0
       0
       0
       0
       0
       0
       0
       0
       0
       0
       0
       0
       0
       0
       0
       0
       0
       0
       0
       0
       0
       0
       0
       0
       0
       0
       0
       0
       0
       0
       0
       0
       0
       0
       0
       0
       0
       0
       0
       0
       0
       0
       1
       0
       0
       0
       0
       0
       0
       1
       0
       0
       0
       0
       0
       0
       0
       0
       0
       0
       0
       0
       0
       0
       0
       0
       0
       0
       0
       0
       0
       1
       0
       0
       0
       0
       0
       0
       0
       0
       0
       0
       0
       0
       0
       0
       0
       0
       0
       1
       0
       0
       0
       0
       0
       0
       0
       0
       0
       0
       0
       0
       0
       0
       0
       0
       0
       0
       0
       0
       0
       0
       0
       0
       0
       0
       0
       0
       0
       0
       1
       0
       0
       0
       0
       0
       0
       0
       0
       0
       0
       0
       0
       0
       0
       0
       0
       1
       1
       0
       0
       0
       0
       0
       0
       1
       0
       0
       0
       0
       0
       0
       1
       0
       0
       0
       0
       0
       0
       0
       0
       0
       0
       0
       0
       0
       0
       0
       0
       1
       0
       0
       0
       0
       1
       0
       0
       1
       0
       0
       0
       0
       0
       0
       0
       2
       0
       0
       0
       0
       0
       0
       0
       0
       0
       0
       0
       0
       0
       0
       0
       0
       0
       0
       0
       0
       0
       0
       0
       0
       0
       0
       0
       0
       0
       0
       0
       0
       0
       0
       1
       0
       0
       0
       0
       1
       0
       0
       0
       0
       0
       0
       0
       0
       0
       0
       0
       0
       0
       0
       0
       1
       0
       1
       0
       0
       0
       0
       0
       1
       0
       1
       0
       0
       0
       0
       0
       0
       0
       0
       0
       0
       0
       0
       1
       0
       0
       0
       0
       0
       0
       0
       0
       0
       1
       1
       0
       0
       0
       0
       0
       0
       0
       0
       0
       0
       0
       0
       0
       0
       0
       0
       0
       0
       0
       0
       0
       0
       0
       0
       0
       0
       0
       0
       0
       0
       1
       0
       0
       0
       0
       0
       0
       0
       0
       0
       0
       0
       0
       0
       0
       0
       0
       0
       0
       0
       0
       0
       0
       0
       1
       0
       0
       0
       0
       0
       0
       0
       0
       0
       0
       0
       0
       0
       1
       0
       0
       0
       1
       0
       1
       0
       0
       1
       0
       0
       0
       0
       0
       0
       0
       0
       0
       0
       0
       0
       1
       0
       0
       0
       0
       0
       0
       0
       0
       0
       0
       0
       0
       0
       0
       0
       0
       0
       0
       0
       0
       0
       0
       0
       0
       0
       0
       0
       0
       0
       0
       0
       0
       1
       0
       0
       1
       0
       0
       0
       0
       0
       0
       0
       0
       0
       0
       0
       0
       0
       0
       0
       0
       0
       0
       0
       0
       0
       0
       0
       0
       0
       0
       1
       0
       0
       0
       0
       0
       0
       0
       0
       0
       0
       0
       1
       0
       0
       1
       0
       0
       0
       0
       0
       0
       0
       0
       0
       0
       0
       0
       0
       0
       0
       0
       0
       0
       0
       0
       0
       0
       0
       0
       0
       0
       0
       0
       0
       0
       0
       0
       0
       0
       0
       0
       0
       0
       0
       0
       0
       0
       0
       0
       0
       0
       0
       0
       0
       0
       0
       0
       0
       0
       0
       0
       0
       0
       0
       1
       0
       0
       0
       0
       0
       0
       0
       0
       0
       0
       0
       0
       0
       0
       0
       0
       0
       0
       0
       0
       0
       0
       0
       0
       0
       0
       0
       0
       0
       0
       0
       0
       0
       0
       0
       0
       0
       0
       0
       0
       0
       0
       0
       0
       0
       0
       0
       0
       1
       0
       0
       0
       0
       0
       0
       0
       0
       0
       1
       0
       0
       0
       0
       0
       0
       0
       0
       0
       0
       0
       0
       0
       0
       0
       0
       0
       0
       0
       3
       0
       0
       0
       0
       0
       0
       0
       0
       0
       1
       0
       0
       0
       0
       0
       0
       0
       0
       0
       0
       0
       0
       0
       0
       0
       0
       0
       0
       0
       1
       1
       1
       0
       0
       0
       0
       0
       0
       0
       0
       0
       0
       0
       0
       0
       0
       0
       0
       0
       0
       0
       0
       0
       0
       0
       0
       0
       0
       0
       0
       0
       0
       0
       1
       0
       0
       0
       0
       0
       0
       0
       0
       0
       0
       0
       0
       0
       0
       0
       0
       0
       0
       0
       0
       0
       0
       0
       0
       0
       0
       0
       0
       0
       0
       0
       0
       0
       0
       0
       0
       0
       0
       0
       0
       0
       0
       0
       0
       0
       0
       0
       0
       0
       0
       1
       0
       0
       0
       0
       0
       0
       0
       0
       0
       0
       0
       0
       0
       1
       0
       0
       0
       1
       0
       0
       0
       0
       1
       0
       0
       0
       0
       0
       0
       0
       0
       0
       0
       0
       1
       0
       0
       0
       1
       0
       0
       0
       0
       0
       0
       0
       0
       0
       0
       0
       0
       0
       0
       0
       0
       1
       0
       0
       1
       0
       0
       0
       0
       0
       0
       0
       0
       1
       0
       0
       0
       0
       0
       1
       0
       0
       0
       0
       0
       0
       0
       0
       0
       0
       0
       0
       0
       0
       0
       0
       0
       0
       0
       0
       0
       0
       0
       0
       0
       0
       0
       0
       0
       0
       0
       0
       0
       0
       0
       0
       0
       0
       0
       1
       0
       0
       0
       0
       0
       0
       0
       0
       1
       0
       0
       0
       0
       1
       0
       0
       0
       0
       0
       0
       0
       0
       0
       1
       0
       0
       0
       0
       0
       1
       0
       0
       0
       0
       0
       0
       0
       0
       0
       0
       0
       0
       0
       0
       0
       0
       0
       2
       0
       0
       0
       0
       0
       0
       0
       0
       0
       0
       0
       0
       0
       0
       0
       0
       0
       0
       0
       0
       0
       0
       0
       0
       1
       0
       0
       0
       0
       0
       0
       0
       0
       0
       0
       0
       1
       0
       0
       0
       0
       0
       0
       0
       0
       0
       0
       0
       0
       0
       0
       0
       0
       0
       0
       0
       0
       0
       0
       0
       1
       0
       0
       0
       0
       0
       0
       0
       0
       0
       0
       0
       0
       0
       0
       0
       0
       0
       0
       0
       1
       0
       0
       0
       0
       0
       0
       0
       0
       0
       0
       0
       0
       0
       0
       0
       1
       0
       0
       0
       0
       0
       0
       0
       0
       0
       0
       0
       0
       0
       0
       0
       0
       0
       0
       0
       0
       0
       0
       0
       0
       1
       0
       0
       0
       0
       0
       0
       0
       0
       0
       0
       0
       0
       0
       1
       0
       0
       0
       0
       0
       0
       0
       0
       0
       0
       0
       0
       0
       0
       0
       0
       1
       0
       0
       0
       0
       0
       0
       0
       0
       0
       0
       0
       0
       1
       0
       1
       0
       0
       1
       0
       0
       0
       0
       0
       0
       0
       0
       0
       0
       0
       0
       0
       0
       1
       0
       0
       0
       0
       0
       0
       0
       1
       0
       0
       0
       0
       0
       0
       0
       0
       1
       1
       0
       0
       0
       0
       0
       0
       0
       0
       0
       0
       0
       0
       0
       0
       0
       0
       0
       0
       0
       0
       0
       0
       0
       0
       1
       0
       0
       0
       0
       0
       0
       0
       0
       0
       1
       0
       0
       0
       0
       0
       1
       0
       0
       0
       0
       0
       0
       0
       0
       0
       0
       0
       0
       0
       0
       0
       0
       0
       0
       0
       0
       0
       0
       0
       0
       0
       0
       0
       0
       0
       0
       0
       0
       0
       0
       0
       0
       0
       0
       0
       0
       0
       0
       0
       0
       0
       0
       0
       0
       0
       0
       0
       0
       0
       0
       0
       0
       0
       0
       0
       0
       0
       0
       0
       0
       0
       0
       0
       0
       0
       0
       0
       0
       0
       0
       0
       0
       0
       0
       0
       0
       0
       0
       0
       0
       0
       0
       0
       0
       0
       0
       0
       0
       0
       0
       0
       0
       0
       0
       0
       0
       0
       0
       0
       0
       0
       0
       0
       0
       0
       0
       0
       0
       0
       0
       0
       0
       0
       0
       0
       0
       0
       0
       0
       0
       0
       0
       0
       0
       0
       0
       0
       0
       0
       0
       0
       0
       0
       0
       0
$ROI:
2
1495 1535
3089 3186
$PRESETS:
Live Time
3600
0
$ENER_FIT:
-11.571434 0.452381
$MCA_CAL:
3
-1.157143E+001 4.523810E-001 0.000000E+000 keV
$SHAPE_CAL:
3
0.000000E+000 0.000000E+000 0.000000E+000
